8 42
10 42
10 44
11 53
12 49
14 49
15 52
15 52
16 56
18 61
19 65
22 67
23 71
24 73
25 72
26 76
26 74
28 78
29 92
30 105
31 114
31 136
37 138
38 147
39 147
40 145
44 145
46 152
45 151
48 164
48 151
50 153
51 153
52 155
54 184
56 185
60 181
62 182
66 185
67 197
68 195
71 195
73 199
75 228
76 230
78 246
79 231
81 244
82 246
83 247
84 244
84 240
84 242
87 263
87 253
94 257
97 275
96 279
99 304
101 301
102 321
106 321
113 337
115 325
116 333
118 339
118 347
120 348
121 341
122 346
121 340
125 355
126 360
125 354
127 351
135 367
135 362
136 374
138 363
139 344
139 378
142 386
139 362
143 378
144 398
150 391
151 385
152 371
153 373
168 378
171 421
172 426
176 433
177 441
181 448
184 433
185 466
198 469
199 429
199 438
204 431