5.71885e+07 7562.31 1 2296.5 0 0 0 0 0 0 102 --
5.63985e+07 7509.89 2 -5482.9 1541.34 0 0 0 0 0 272 --
5.68418e+07 7539.35 2 644.76 0 8.47558 0 0 0 0 320 --
5.68367e+07 7539.01 3 -9979.83 2773.96 -8.84796 0 0 0 0 578 **
5.64172e+07 7511.14 3 -3729.01 0 185.885 -28.4398 0 0 0 578 **
5.65897e+07 7522.61 4 16692.3 -7603.56 586.312 -85.0186 0 0 0 1076 **
5.61966e+07 7496.44 3 -2091.45 0 44.6728 0 -0.0854772 0 0 564 **
5.66668e+07 7527.74 4 607.314 0 -155.17 39.0479 -0.188767 0 0 1037 **
5.71727e+07 7561.27 5 17661.9 -8090.88 638.65 -93.9231 0.0147637 0 0 2053 --
5.67528e+07 7533.45 4 -1621.25 0 34.1383 0 -0.029447 -8.23326e-05 0 1163 **
5.72753e+07 7568.05 5 758.223 -970.138 62.8768 0 -0.122774 2.42652e-05 0 1182 --
5.71879e+07 7562.27 5 195.895 0 -227.795 60.8677 -0.444364 0.000282173 0 1070 --
5.74901e+07 7582.22 6 -8618.33 9834.1 -2445.76 500.038 -2.32729 0.00161652 0 2187 --
5.69132e+07 7544.08 5 44.0083 0 -36.9785 0 0.692024 -0.00261545 2.84083e-06 893 --
5.74227e+07 7577.78 6 -145.444 0 208.327 -72.0259 1.76907 -0.00498275 4.93114e-06 1430 --
5.80271e+07 7617.55 7 -152.514 -21.1346 217.328 -74.0473 1.78507 -0.00500914 4.95088e-06 1715 --
